"Codons" "Brugia_malayi" "Bursaphelenchus_xylophilus" "Panagrellus_redivivus" "Steinernema_carpocapsae" "Steinernema_glaseri" "Steinernema_litorale" "Loa_loa" "Halicephalobus_gingivalis" "Caenorhabditis_nigoni" "Diploscapter_coronatus" "Acrobeloides_varius" "Caenorhabditis_elegans" "Trichinella_spiralis" "Xiphinema_americanum" "Thaumamermis_cosgrovei" "Strelkovimermis_spiculatus" "Agamermis_sp._BH-2006" "Heterorhabditis_bacteriophora" "Romanomermis_culicivorax" "Romanomermis_nielseni" "Romanomermis_iyengari" "Hexamermis_agrotis" "Haemonchus_contortus" "Enterobius_vermicularis" "Homo_sapiens" "Trichuris_suis" "Trichuris_ovis" "Toxascaris_leonina" "Drosophila_melanogaster" "Trichinella_britovi" "Trichinella_murrelli" "Gnathostoma_spinigerum" "Xiphinema_rivesi" "Parascaris_equorum" "Diploscapter_pachys" "Halicephalobus_mephisto"
"1" "AAA" 19 85 96 33 62 49 20 58 82 36 55 95 63 17 90 105 87 57 25 67 73 47 106 26 84 62 59 20 42 65 61 42 12 23 28 79
"2" "AAC" 4 8 1 4 10 35 2 8 14 2 10 12 79 18 61 40 18 7 7 20 19 12 13 4 131 32 38 4 9 74 82 4 11 5 3 3
"3" "AAG" 30 15 5 15 32 43 29 20 26 10 38 14 4 10 21 24 14 44 4 9 11 3 12 55 9 5 8 70 1 5 8 48 13 69 16 10
"4" "AAT" 67 146 145 64 138 94 72 105 139 73 134 139 34 23 94 122 146 136 63 84 85 59 163 87 29 71 53 101 107 37 32 92 33 99 70 150
"5" "ACA" 3 18 35 13 25 29 1 6 41 14 28 69 136 16 33 46 31 21 16 10 11 15 39 12 132 47 39 5 54 130 135 7 15 14 17 7
"6" "ACC" 3 0 0 5 9 8 1 0 3 0 2 7 56 11 31 9 13 3 1 7 4 7 2 2 155 24 22 1 2 54 48 2 8 4 1 2
"7" "ACG" 0 2 0 1 2 11 1 3 5 1 5 6 2 8 14 5 3 8 2 3 0 1 9 6 10 5 3 6 0 3 1 11 8 9 3 0
"8" "ACT" 66 69 84 43 77 85 41 62 87 52 91 62 20 40 54 58 41 89 23 46 33 42 65 72 50 44 55 83 50 36 36 78 41 77 44 95
"9" "AGA" 18 109 119 31 63 49 15 32 106 32 93 126 68 30 100 78 59 61 27 46 34 47 99 31 1 55 43 23 23 64 65 60 39 24 32 38
"10" "AGC" 6 4 0 5 4 27 2 1 10 0 8 6 19 8 25 13 5 3 3 11 11 1 5 4 37 12 15 0 0 21 16 7 4 6 1 5
"11" "AGG" 9 18 9 10 19 44 3 8 27 6 16 39 1 22 26 24 1 23 7 15 10 8 22 47 0 5 17 46 0 0 0 57 12 47 7 2
"12" "AGT" 75 85 64 71 127 121 84 94 90 57 98 61 15 11 36 50 26 142 16 22 17 21 81 105 11 26 20 114 8 16 18 97 23 92 56 151
"13" "ATA" 55 127 170 80 134 134 38 88 125 59 182 134 181 52 180 255 204 129 63 124 107 109 222 83 165 146 132 47 92 179 175 93 56 57 67 128
"14" "ATC" 11 8 3 5 15 40 5 7 16 4 10 23 113 19 52 27 25 9 11 24 14 14 5 7 196 49 63 4 14 113 114 5 21 8 6 7
"15" "ATG" 51 18 5 22 40 46 57 31 53 29 63 44 12 19 63 57 24 60 18 13 17 15 76 117 32 30 27 128 6 11 12 114 15 103 26 48
"16" "ATT" 160 261 305 175 288 208 150 215 270 134 254 257 87 71 217 273 250 225 111 167 167 147 244 199 112 139 131 203 188 80 83 202 73 182 114 294
"17" "CAA" 21 31 37 19 31 14 14 21 35 14 36 34 30 9 33 29 27 22 8 20 19 15 39 11 82 25 28 14 37 29 29 16 18 14 14 33
"18" "CAC" 4 0 2 3 2 6 4 3 9 2 4 13 35 8 23 18 6 2 2 12 1 7 11 1 79 22 19 3 6 32 32 3 6 1 0 2
"19" "CAG" 17 6 6 4 10 28 15 10 9 5 10 10 1 11 9 9 7 20 3 5 2 4 5 25 8 7 6 29 1 3 1 23 2 26 3 9
"20" "CAT" 40 47 55 25 57 51 29 34 48 34 62 45 10 14 36 33 32 55 20 24 13 23 41 56 18 26 28 42 38 13 14 50 16 43 30 54
"21" "CCA" 11 17 20 6 18 10 4 3 25 3 21 39 66 10 19 21 17 16 8 7 9 17 12 5 52 17 21 1 26 66 63 3 13 5 2 6
"22" "CCC" 4 1 4 4 8 8 0 2 3 0 4 7 17 6 20 6 2 5 2 3 2 4 10 3 119 20 16 0 5 14 13 1 4 4 1 3
"23" "CCG" 1 2 0 1 2 10 0 0 6 0 0 8 0 6 3 1 1 6 0 3 0 0 17 2 7 5 5 6 3 0 0 8 5 6 1 1
"24" "CCT" 47 49 55 36 57 58 39 43 47 43 51 27 15 15 37 40 36 56 16 38 16 27 37 56 37 47 48 71 38 15 17 66 15 68 34 64
"25" "CGA" 3 3 0 0 1 0 0 0 0 0 11 1 27 9 13 9 12 4 8 3 7 14 6 0 28 21 15 1 25 27 27 3 8 0 2 0
"26" "CGC" 2 0 0 0 0 0 0 0 0 1 3 0 4 2 7 1 2 0 0 0 0 0 0 0 26 6 7 0 0 6 5 3 0 0 0 0
"27" "CGG" 6 3 0 0 1 0 0 0 0 0 1 1 0 0 3 2 0 1 2 5 0 0 2 3 0 1 3 3 0 0 0 5 1 5 0 1
"28" "CGT" 29 25 31 21 29 31 32 21 31 14 20 29 4 2 7 10 4 26 3 8 4 7 24 38 6 10 10 27 3 1 2 22 4 27 12 33
"29" "CTA" 12 13 3 13 15 33 3 10 22 2 25 36 151 34 71 78 32 12 17 37 34 29 7 5 276 74 82 4 12 145 164 7 28 7 3 10
"30" "CTC" 2 0 0 5 7 15 0 5 1 0 11 1 48 5 20 8 1 1 3 4 2 2 0 0 167 28 28 1 0 40 49 1 7 1 0 1
"31" "CTG" 10 0 0 2 5 40 1 1 10 2 6 5 8 9 47 14 6 2 5 7 2 2 6 9 42 24 28 15 0 10 6 18 8 16 1 3
"32" "CTT" 16 30 12 65 114 128 18 65 45 27 48 51 30 38 79 77 31 29 15 35 22 23 9 24 65 49 57 46 19 37 30 32 34 50 29 57
"33" "GAA" 23 46 64 31 54 22 25 38 49 16 61 52 47 10 46 35 38 41 18 28 26 27 63 17 63 48 45 26 36 46 49 37 14 26 16 54
"34" "GAC" 6 8 0 4 3 20 2 0 6 0 1 8 23 8 13 9 2 4 5 5 3 5 3 5 51 15 11 4 6 23 25 4 5 5 1 0
"35" "GAG" 21 27 8 18 23 52 16 14 30 8 25 26 3 5 16 8 13 35 15 11 12 7 19 60 15 7 5 45 1 4 1 48 3 46 4 15
"36" "GAT" 53 57 66 26 62 45 53 41 56 40 24 55 15 10 25 31 26 70 14 20 10 24 54 68 12 23 34 68 26 15 13 73 13 66 36 65
"37" "GCA" 5 15 19 1 10 4 1 4 23 5 21 39 40 14 30 27 19 8 10 19 10 5 23 2 79 43 41 4 16 45 41 13 15 6 9 4
"38" "GCC" 9 0 1 8 12 12 2 1 5 1 3 9 20 9 22 7 4 4 4 4 0 4 5 2 124 20 16 3 6 20 15 5 1 6 3 1
"39" "GCG" 4 6 0 0 4 4 3 0 2 1 2 4 1 3 5 3 0 4 0 0 1 1 22 3 5 2 0 3 0 1 2 5 3 14 1 1
"40" "GCT" 51 59 63 40 82 92 38 70 88 49 54 62 20 23 31 34 25 83 10 26 11 17 52 71 39 35 42 86 54 15 20 81 29 73 29 83
"41" "GGA" 20 52 35 5 26 15 18 7 36 16 68 60 73 35 47 42 37 35 14 32 15 28 36 34 61 56 52 11 67 70 69 29 36 28 12 11
"42" "GGC" 18 1 0 1 2 12 4 3 3 3 7 5 20 3 23 17 2 6 5 6 3 4 4 7 87 24 14 7 2 14 17 9 2 8 1 9
"43" "GGG" 17 23 11 11 13 35 8 5 12 3 19 29 4 10 38 16 11 22 11 14 7 10 42 61 19 10 19 32 3 5 6 63 14 55 3 1
"44" "GGT" 111 78 134 88 158 130 100 97 135 82 100 93 15 21 38 33 34 126 21 28 7 30 85 178 16 24 36 128 16 20 18 102 14 112 80 151
"45" "GTA" 20 93 96 26 46 67 16 33 67 26 83 98 49 33 57 72 40 80 14 22 29 23 94 50 61 56 56 37 51 52 54 62 32 53 22 28
"46" "GTC" 14 5 2 10 4 28 2 4 7 1 9 9 11 9 13 17 3 7 3 9 3 3 1 13 45 15 15 9 1 8 6 9 4 7 1 2
"47" "GTG" 13 21 4 8 17 52 12 2 18 6 22 28 3 15 34 14 14 32 8 10 4 6 79 85 8 12 10 60 4 4 2 81 12 67 4 6
"48" "GTT" 127 120 123 108 179 163 147 171 156 97 145 118 12 25 86 90 47 164 16 41 27 36 114 296 22 24 38 237 27 13 16 185 30 203 104 184
"49" "TAA" 7 8 9 8 9 4 6 6 10 7 8 10 7 2 6 7 7 5 3 6 7 4 7 3 3 6 5 2 7 6 7 2 3 4 6 10
"50" "TAC" 14 14 6 14 12 57 2 10 24 2 13 29 60 9 51 33 24 8 4 24 20 10 7 12 89 38 39 9 13 68 62 4 8 9 3 7
"51" "TAG" 3 1 0 3 2 5 4 1 1 3 4 2 2 0 3 4 1 5 2 0 0 1 1 2 2 3 4 8 0 2 2 6 0 6 3 2
"52" "TAT" 134 160 189 85 164 128 151 131 150 92 183 144 32 24 92 110 89 163 38 64 50 40 175 168 35 55 60 152 58 24 31 177 25 139 91 186
"53" "TCA" 4 29 49 10 22 16 6 4 34 15 45 51 58 20 48 59 61 19 25 27 19 46 42 10 81 43 33 1 57 60 55 16 20 15 15 7
"54" "TCC" 3 0 1 4 9 6 2 4 2 2 1 5 42 15 36 10 20 4 2 5 12 6 1 1 99 18 43 4 5 42 48 6 12 6 2 5
"55" "TCG" 1 2 2 1 7 13 1 0 7 2 8 5 2 9 3 5 6 3 3 2 2 2 29 6 7 5 5 12 1 0 4 10 3 10 1 3
"56" "TCT" 109 90 126 82 126 140 107 113 104 70 125 84 24 26 70 78 88 136 18 57 36 42 61 86 29 65 70 134 54 26 21 114 33 115 81 148
"57" "TGA" 30 48 70 23 55 37 34 46 58 34 75 62 70 24 76 73 72 49 22 38 27 51 56 25 90 64 63 22 53 71 70 28 28 22 26 55
"58" "TGC" 5 1 0 1 3 6 1 1 2 1 3 2 7 8 12 5 4 0 2 4 4 1 1 1 17 11 14 2 0 4 5 2 3 1 1 4
"59" "TGG" 27 12 1 14 17 35 24 6 13 6 5 9 3 12 24 13 5 23 6 10 6 4 13 61 9 6 9 51 1 3 4 46 7 48 4 16
"60" "TGT" 63 33 39 26 47 39 78 38 43 33 26 45 7 11 19 21 19 51 6 8 16 9 41 64 4 17 11 54 13 12 9 57 12 44 31 49
"61" "TTA" 159 464 519 156 288 194 119 264 368 156 379 356 107 92 235 288 279 345 109 219 210 171 312 180 65 153 124 107 243 108 102 183 108 138 185 313
"62" "TTC" 11 16 17 13 36 54 3 17 46 13 34 23 91 27 44 30 23 24 10 16 21 15 8 12 139 57 81 9 11 75 81 13 21 15 17 8
"63" "TTG" 111 72 13 39 94 116 169 77 86 82 87 81 4 27 82 70 43 153 9 23 23 16 174 294 10 42 23 304 3 7 4 302 22 294 65 116
"64" "TTT" 384 645 486 328 457 406 408 486 406 415 358 429 56 88 250 291 257 451 123 209 202 120 418 470 69 138 130 441 147 74 66 446 97 446 472 593
