"A" "T" "G" "C" "FrA" "FrT" "FrG" "FrC" "FrAT" "FrGC"
"Homo_sapiens" 771 275 98 859 0.384922616075886 0.137294058911633 0.0489266100848727 0.428856714927609 0.522216674987519 0.477783325012481
"Trichinella_spiralis" 668 155 21 237 0.617946345975948 0.143385753931545 0.0194264569842738 0.219241443108233 0.761332099907493 0.238667900092507
"Trichinella_murrelli" 673 178 21 217 0.617998163452709 0.163452708907254 0.0192837465564738 0.199265381083563 0.781450872359963 0.218549127640037
"Trichinella_britovi" 659 179 23 219 0.610185185185185 0.165740740740741 0.0212962962962963 0.202777777777778 0.775925925925926 0.224074074074074
"Trichuris_suis" 412 324 69 167 0.423868312757202 0.333333333333333 0.0709876543209877 0.171810699588477 0.757201646090535 0.242798353909465
"Thaumamermis_cosgrovei" 418 438 173 197 0.34094616639478 0.357259380097879 0.141109298531811 0.16068515497553 0.698205546492659 0.301794453507341
"Xiphinema_americanum" 201 201 82 68 0.364130434782609 0.364130434782609 0.148550724637681 0.123188405797101 0.728260869565217 0.271739130434783
"Trichuris_ovis" 382 376 90 176 0.373046875 0.3671875 0.087890625 0.171875 0.740234375 0.259765625
"Romanomermis_culicivorax" 139 138 38 23 0.411242603550296 0.408284023668639 0.112426035502959 0.0680473372781065 0.819526627218935 0.180473372781065
"Xiphinema_rivesi" 206 223 66 42 0.383612662942272 0.415270018621974 0.122905027932961 0.0782122905027933 0.798882681564246 0.201117318435754
"Drosophila_melanogaster" 331 269 11 21 0.52373417721519 0.425632911392405 0.0174050632911392 0.0332278481012658 0.949367088607595 0.0506329113924051
"Romanomermis_iyengari" 168 173 26 37 0.415841584158416 0.428217821782178 0.0643564356435644 0.0915841584158416 0.844059405940594 0.155940594059406
"Strelkovimermis_spiculatus" 432 470 84 88 0.402234636871508 0.437616387337058 0.0782122905027933 0.0819366852886406 0.839851024208566 0.160148975791434
"Agamermis_sp._BH-2006" 308 332 42 52 0.419618528610354 0.452316076294278 0.0572207084468665 0.0708446866485014 0.871934604904632 0.128065395095368
"Caenorhabditis_elegans" 519 587 125 49 0.40546875 0.45859375 0.09765625 0.03828125 0.8640625 0.1359375
"Hexamermis_agrotis" 224 245 30 31 0.422641509433962 0.462264150943396 0.0566037735849057 0.0584905660377358 0.884905660377359 0.115094339622642
"Haemonchus_contortus" 358 528 228 28 0.313485113835377 0.462346760070053 0.199649737302977 0.0245183887915937 0.775831873905429 0.224168126094571
"Romanomermis_nielseni" 203 301 59 49 0.331699346405229 0.491830065359477 0.0964052287581699 0.0800653594771242 0.823529411764706 0.176470588235294
"Bursaphelenchus_xylophilus" 349 605 77 11 0.334932821497121 0.580614203454894 0.0738963531669866 0.0105566218809981 0.915547024952015 0.0844529750479846
"Acrobeloides_varius" 395 732 79 48 0.314992025518341 0.583732057416268 0.0629984051036683 0.0382775119617225 0.898724082934609 0.101275917065391
"Gnathostoma_spinigerum" 200 777 258 43 0.156494522691706 0.607981220657277 0.2018779342723 0.0336463223787167 0.764475743348983 0.235524256651017
"Caenorhabditis_nigoni" 354 783 87 34 0.281399046104928 0.62241653418124 0.0691573926868044 0.027027027027027 0.903815580286168 0.0961844197138315
"Panagrellus_redivivus" 376 692 26 8 0.341197822141561 0.627949183303085 0.0235934664246824 0.00725952813067151 0.969147005444646 0.0308529945553539
"Steinernema_litorale" 223 948 209 116 0.149064171122995 0.633689839572192 0.139705882352941 0.0775401069518717 0.782754010695187 0.217245989304813
"Parascaris_equorum" 152 817 229 42 0.12258064516129 0.658870967741935 0.184677419354839 0.0338709677419355 0.781451612903226 0.218548387096774
"Heterorhabditis_bacteriophora" 256 851 101 33 0.206285253827558 0.685737308622079 0.0813859790491539 0.0265914585012087 0.892022562449637 0.107977437550363
"Enterobius_vermicularis" 149 926 222 32 0.112114371708051 0.696764484574868 0.167042889390519 0.0240782543265613 0.808878856282919 0.19112114371708
"Steinernema_glaseri" 226 949 70 55 0.173846153846154 0.73 0.0538461538461538 0.0423076923076923 0.903846153846154 0.0961538461538462
"Brugia_malayi" 96 631 61 61 0.113074204946996 0.743227326266195 0.071849234393404 0.071849234393404 0.856301531213192 0.143698468786808
"Steinernema_carpocapsae" 105 554 34 42 0.142857142857143 0.753741496598639 0.0462585034013605 0.0571428571428571 0.896598639455782 0.103401360544218
"Toxascaris_leonina" 87 926 183 25 0.0712530712530713 0.758394758394758 0.14987714987715 0.0204750204750205 0.82964782964783 0.17035217035217
"Diploscapter_pachys" 114 469 21 10 0.185667752442997 0.763843648208469 0.0342019543973941 0.0162866449511401 0.949511400651466 0.0504885993485342
"Diploscapter_coronatus" 113 491 21 8 0.178515007898894 0.77567140600316 0.033175355450237 0.0126382306477093 0.954186413902054 0.0458135860979463
"Halicephalobus_gingivalis" 99 736 19 20 0.113272311212815 0.842105263157895 0.0217391304347826 0.022883295194508 0.955377574370709 0.0446224256292906
"Loa_loa" 64 606 29 13 0.0898876404494382 0.851123595505618 0.0407303370786517 0.0182584269662921 0.941011235955056 0.0589887640449438
"Halicephalobus_mephisto" 111 966 18 28 0.0988423864648264 0.860195903829029 0.0160284951024043 0.02493321460374 0.959038290293856 0.0409617097061443
